0 [ 100  765  597 1342] None 0.0
0 [ 115 1075  323 1462] Anderson 0.6504289507865906
0 [ 178 1022  512 1473] Anderson 0.5192570686340332
2 [ 105  759  605 1310] None 0.48937976360321045
2 [ 176  972  575 1484] None 0.478013813495636
4 [  83  692  577 1335] None 0.4542185366153717
4 [ 163  973  542 1453] None 0.456095427274704
6 [  85  693  599 1340] None 0.43169763684272766
6 [ 130 1042  355 1452] Anderson 0.5945350527763367
6 [ 201 1024  535 1471] None 0.4386503994464874
8 [ 100  691  603 1318] None 0.41796237230300903
8 [ 219  977  624 1446] None 0.0
10 [ 139  648  625 1244] None 0.26769837737083435
10 [ 185 1046  416 1395] Anderson 0.5407857894897461
10 [ 259  882  688 1327] None 0.0
12 [ 174  671  647 1301] None 0.21859656274318695
12 [ 206 1017  468 1462] Anderson 0.6059962511062622
12 [ 280  924  717 1383] None 0.20392711460590363
14 [ 307  732  772 1300] None 0.0
14 [ 222  618  638 1132] None 0.0
14 [ 186 1026  630 1507] Anderson 0.5918399095535278
16 [ 204  634  712 1257] None 0.0
16 [ 227 1005  493 1451] Anderson 0.6559951901435852
18 [ 287  735  764 1313] None 0.0
18 [ 225  605  644 1130] None 0.0
18 [ 215 1057  480 1379] None 0.0
20 [ 279  734  755 1297] None 0.442773699760437
20 [ 643  312 1050  809] None 0.0
20 [ 226 1036  513 1368] None 0.444553941488266
20 [ 157  954  667 1447] Anderson 0.5533347129821777
22 [ 241  715  758 1296] Anderson 0.5227088332176208
22 [ 248  996  628 1507] Anderson 0.5572422742843628
22 [ 240 1042  482 1361] Anderson 0.5173961520195007
24 [ 253  707  755 1281] None 0.48862800002098083
26 [ 254  710  745 1298] None 0.4609970152378082
26 [ 231 1048  459 1395] Anderson 0.5632813572883606
26 [ 205  936  641 1403] None 0.0
28 [ 231  719  742 1306] None 0.43327081203460693
28 [ 232 1058  434 1373] None 0.43390777707099915
30 [ 224  745  742 1340] None 0.41028517484664917
30 [ 181  984  591 1427] None 0.0
32 [ 216  749  732 1345] None 0.41760557889938354
32 [  0 111 396 609] None 0.0
32 [ 208  989  540 1499] None 0.0
34 [ 208  729  718 1338] None 0.4562565088272095
34 [ 212 1043  428 1433] None 0.0
34 [  0 244 241 585] None 0.0
34 [ 128  929  554 1391] None 0.0
36 [ 230  736  736 1339] None 0.26065200567245483
36 [ 198  972  582 1448] None 0.0
38 [ 269  744  748 1345] None 0.47221559286117554
38 [ 237 1091  504 1424] Anderson 0.5116579532623291
38 [ 763  458 1080  919] None 0.0
40 [ 269  746  791 1353] None 0.449903279542923
40 [ 280 1017  669 1470] None 0.0
42 [ 246  752  790 1369] None 0.38747066259384155
42 [   0  645  312 1151] Anderson 0.5715043544769287
42 [ 209 1013  677 1501] None 0.39222973585128784
44 [ 335  744  837 1332] None 0.37107589840888977
44 [ 311 1000  724 1496] None 0.0
46 [ 335  738  831 1325] None 0.47521641850471497
46 [ 291  977  705 1379] None 0.0
48 [ 290  743  774 1327] None 0.4378800690174103
48 [ 289 1022  606 1475] None 0.0
50 [ 218  761  702 1353] None 0.0
50 [ 291  623  773 1088] None 0.0
50 [ 826 1502 1069 1888] Anderson 0.5614976286888123
50 [ 452  676  984 1241] None 0.0
52 [  85  751  590 1342] None 0.0
52 [  44 1006  513 1481] None 0.0
54 [  80  771  589 1340] None 0.459812730550766
54 [ 116 1055  479 1547] None 0.0
56 [  79  793  511 1320] None 0.28284895420074463
56 [  84 1070  533 1561] None 0.29445549845695496
56 [ 649  211 1054  703] None 0.0
58 [ 107  809  591 1333] None 0.32956281304359436
58 [  33  999  501 1517] None 0.0
58 [ 130 1103  370 1487] Anderson 0.5893511772155762
58 [ 700 1427 1080 1843] None 0.0
60 [  82  793  601 1362] None 0.34547221660614014
60 [ 138 1099  462 1560] Anderson 0.6276292204856873
60 [ 125  637  526 1149] None 0.0
60 [ 578 1340 1080 1721] None 0.0
62 [  94  745  581 1367] None 0.4208427369594574
62 [  95 1039  557 1594] Anderson 0.5884925723075867
64 [ 127  735  610 1348] Anderson 0.5612347722053528
64 [ 183 1091  655 1629] None 0.0
64 [ 182 1088  415 1455] Anderson 0.7256597280502319
66 [ 160  774  666 1342] Anderson 0.6903321743011475
66 [ 246 1093  655 1550] Anderson 0.6733644604682922
68 [ 199  763  680 1345] Anderson 0.639944314956665
68 [ 275 1054  694 1539] Anderson 0.624978244304657
70 [ 171  713  652 1342] Anderson 0.5943300724029541
70 [ 274 1000  674 1516] Anderson 0.579933226108551
70 [ 242 1073  491 1440] None 0.0
72 [ 252  729  711 1302] None 0.0
72 [ 244 1069  488 1428] None 0.4493663012981415
72 [ 182  978  659 1449] Anderson 0.5106949806213379
74 [ 219  702  705 1291] None 0.49074265360832214
74 [ 268 1055  526 1390] Anderson 0.5413534641265869
74 [ 221 1018  696 1483] None 0.4882653057575226
76 [ 254  648  748 1221] sheldon 0.5058929920196533
78 [ 319  845  813 1397] None 0.0
80 [175 337 703 981] None 0.0
82 [218 395 738 981] None 0.37474045157432556
82 [ 652 1008 1080 1504] None 0.0
82 [ 244  768  678 1255] None 0.0
82 [139 508 441 880] Anderson 0.6461458206176758
82 [282 278 718 719] None 0.0
84 [249 387 718 937] None 0.34855782985687256
84 [ 197  713  555 1187] Anderson 0.5835699439048767
86 [189 335 689 899] Anderson 0.5606786608695984
86 [ 132  690  401 1127] Anderson 0.6759426593780518
88 [ 125  654  377 1058] Anderson 0.6396738290786743
88 [197 337 649 866] Anderson 0.6468948721885681
90 [  99  633  325 1026] Anderson 0.6001456379890442
90 [133 307 657 846] Anderson 0.6206659078598022
90 [  53  615  521 1127] None 0.0
92 [ 80 249 601 839] None 0.4767010807991028
92 [  83  617  352 1025] None 0.4854060709476471
94 [ 78 230 612 840] None 0.4648236036300659
94 [112 587 360 980] None 0.4709528684616089
94 [  59  584  537 1107] Anderson 0.5250214338302612
96 [100 220 627 847] Anderson 0.500657856464386
96 [106 505 540 990] None 0.0
98 [189 270 692 827] None 0.0
98 [ 557  852  974 1363] None 0.0
98 [  89  479  545 1059] None 0.3997543752193451
98 [165 112 662 576] None 0.0
100 [254 287 783 888] None 0.0
100 [ 201  581  514 1055] None 0.0
102 [257 296 791 887] None 0.3856201767921448
102 [ 318  643  725 1112] None 0.0
102 [ 259  636  502 1026] Anderson 0.5348697900772095
104 [293 261 822 934] Anderson 0.5071253776550293
104 [ 339  674  653 1132] None 0.0
106 [277 301 794 879] None 0.42246389389038086
106 [ 254  627  765 1116] None 0.0
106 [365 148 768 630] None 0.0
108 [349 396 824 967] None 0.0
108 [275 246 732 761] None 0.0
108 [ 304  665  789 1145] None 0.2100728303194046
110 [307 404 785 946] None 0.20205622911453247
110 [ 236  657  654 1181] None 0.0
112 [246 347 742 938] None 0.4735141694545746
112 [ 202  717  729 1185] None 0.0
114 [ 272  489  770 1050] None 0.0
114 [ 785  347 1080  882] None 0.0
114 [ 180  753  648 1197] None 0.40589040517807007
116 [ 244  489  783 1088] None 0.38511383533477783
116 [ 185  763  730 1251] None 0.38101667165756226
118 [ 238  500  738 1138] None 0.36047637462615967
118 [ 173  802  636 1271] None 0.36550581455230713
120 [ 234  534  734 1154] None 0.3448899984359741
120 [496   8 877 495] None 0.0
122 [ 610   14 1013  491] None 0.0
122 [ 291  542  791 1145] None 0.21260549128055573
122 [ 251  913  573 1333] Anderson 0.5427374243736267
124 [ 378  683  855 1264] None 0.0
124 [ 655   45 1060  543] None 0.0
124 [ 327  931  746 1336] None 0.0
124 [ 356  528  787 1019] None 0.0
126 [ 376  687  866 1259] None 0.35783010721206665
126 [ 354  922  793 1420] None 0.0
128 [ 396  671  884 1251] None 0.439380019903183
128 [ 457  928  835 1383] None 0.0
128 [ 410 1017  669 1346] Anderson 0.5869461297988892
130 [ 396  632  898 1266] Anderson 0.5574358701705933
130 [ 354  945  745 1436] Anderson 0.6367731094360352
132 [ 401  616  901 1251] Anderson 0.6009294986724854
134 [ 404  600  887 1228] Anderson 0.5688695311546326
134 [ 443  976  817 1458] Anderson 0.5007109642028809
136 [ 415  636  867 1174] None 0.47563937306404114
136 [ 430  933  819 1400] None 0.4708600640296936
138 [ 424  627  876 1159] None 0.44751808047294617
138 [ 393  852  810 1354] None 0.0
140 [ 399  643  840 1170] None 0.3967762887477875
140 [ 429  891  791 1375] None 0.40011879801750183
142 [ 400  648  849 1160] None 0.379538893699646
142 [ 401  922  797 1323] None 0.38267621397972107
142 [ 595 1282 1080 1910] None 0.0
144 [ 411  667  855 1170] None 0.44282275438308716
144 [ 416  890  783 1384] None 0.44227445125579834
146 [ 402  684  841 1217] None 0.4187273383140564
146 [ 371  948  756 1396] None 0.42578190565109253
148 [ 397  661  837 1210] None 0.402133971452713
148 [ 439  912  811 1340] None 0.0
150 [ 429  694  868 1192] None 0.29393547773361206
150 [ 466  921  835 1391] None 0.296051025390625
152 [ 435  683  854 1196] None 0.28124120831489563
152 [ 449  900  800 1402] None 0.2951163947582245
154 [ 452  704  887 1208] None 0.2750091552734375
154 [ 473  928  817 1377] None 0.2819260358810425
156 [ 399  683  813 1179] None 0.0
156 [ 433  898  822 1368] None 0.2770191431045532
158 [ 375  683  782 1177] None 0.2671044170856476
158 [ 417  930  774 1404] None 0.27732083201408386
160 [ 386  671  811 1175] None 0.26305922865867615
160 [ 426  894  793 1360] None 0.269083172082901
162 [ 377  671  785 1176] None 0.2602253258228302
162 [ 390  963  754 1402] None 0.0
164 [ 390  697  818 1193] None 0.3755672574043274
164 [ 370  890  755 1421] None 0.3857005834579468
166 [ 368  717  812 1221] None 0.3657892048358917
166 [ 344  925  777 1401] None 0.371506929397583
168 [ 340  709  770 1231] None 0.3562978208065033
168 [ 412 1000  755 1438] None 0.0
168 [937 250 985 304] None 0.0
170 [ 344  734  787 1254] None 0.34923064708709717
170 [ 416  965  777 1424] None 0.3485768437385559
172 [ 342  740  799 1262] None 0.32961151003837585
172 [ 387  963  768 1433] None 0.3291688561439514
174 [ 329  730  754 1232] None 0.3164065480232239
174 [ 341  926  715 1446] None 0.0
176 [ 293  724  757 1268] None 0.3950293958187103
176 [ 426  990  780 1451] None 0.0
178 [ 294  737  712 1231] None 0.3010164797306061
178 [ 392  999  741 1462] None 0.31395649909973145
180 [ 285  725  721 1247] None 0.3006140887737274
180 [ 362  964  735 1464] None 0.3054955005645752
180 [ 299 1031  552 1461] None 0.0
182 [ 266  725  701 1245] None 0.460853636264801
182 [ 363  971  745 1458] None 0.451570063829422
184 [ 257  709  697 1243] None 0.43350833654403687
184 [ 242  949  671 1473] None 0.0
186 [ 250  721  679 1228] None 0.33155375719070435
186 [ 340  968  690 1467] None 0.33416059613227844
186 [ 274 1021  521 1406] Anderson 0.5386627912521362
188 [ 237  719  675 1241] Anderson 0.5140714049339294
188 [ 342  951  698 1426] Anderson 0.5066845417022705
188 [ 267 1012  530 1468] Anderson 0.5018596649169922
190 [ 236  717  661 1222] None 0.48201367259025574
190 [ 284  954  678 1444] None 0.4702863395214081
192 [ 242  735  670 1237] None 0.4502008259296417
192 [ 244  951  654 1448] None 0.44017264246940613
194 [ 219  718  655 1237] None 0.420294851064682
194 [ 304  967  652 1436] None 0.4147256016731262
196 [ 212  728  641 1243] None 0.398682564496994
196 [ 302  943  686 1443] None 0.3903447091579437
196 [ 238 1013  499 1470] None 0.0
196 [853 297 892 344] None 0.0
198 [ 196  714  645 1251] None 0.4194077253341675
198 [ 335  981  672 1431] None 0.41921526193618774
198 [ 235 1007  488 1446] None 0.42404401302337646
200 [ 196  720  633 1247] None 0.4034683108329773
200 [ 299  953  659 1426] None 0.40124428272247314
200 [ 241 1014  488 1458] None 0.39843207597732544
202 [ 187  714  637 1251] None 0.37852171063423157
202 [ 297  947  651 1416] None 0.3783600330352783
204 [ 196  711  635 1237] None 0.35949790477752686
204 [ 270  976  613 1434] None 0.351993590593338
206 [ 197  711  646 1240] None 0.3344653844833374
206 [ 292  979  644 1446] None 0.33441323041915894
208 [ 255  945  607 1411] None 0.0
208 [ 153  641  626 1223] None 0.31551238894462585
210 [ 146  669  628 1259] None 0.2971506416797638
210 [ 267  989  600 1432] None 0.2964428961277008
212 [ 137  732  599 1299] None 0.2837275266647339
212 [ 249 1003  626 1498] None 0.28812336921691895
214 [ 132  757  634 1380] None 0.2714705467224121
214 [ 226 1046  635 1537] None 0.2744998335838318
214 [  98  634  518 1129] None 0.0
216 [  76  795  588 1425] None 0.3131997883319855
216 [ 219 1044  594 1543] None 0.29958829283714294
216 [  84  677  476 1154] None 0.30020448565483093
218 [  56  814  561 1429] None 0.3039834499359131
218 [ 151 1072  593 1556] None 0.29367321729660034
218 [  63  662  449 1161] None 0.29620587825775146
220 [  59  791  542 1406] None 0.30066296458244324
220 [ 106 1175  563 1610] None 0.0
220 [  44  672  469 1131] None 0.30200669169425964
222 [ 150  790  663 1411] None 0.0
222 [ 202 1112  652 1602] None 0.0
224 [ 165  795  679 1386] None 0.38876667618751526
226 [  87  762  580 1363] None 0.0
228 [ 160  704  725 1378] None 0.0
230 [ 190  697  748 1349] None 0.33383482694625854
232 [ 140  670  669 1305] None 0.33942848443984985
234 [ 191  645  698 1264] None 0.3376779854297638
234 [ 341  960  785 1455] None 0.0
236 [ 244  558  756 1117] None 0.0
236 [ 551  500 1080 1100] None 0.0
236 [ 503  939  967 1400] None 0.0
238 [ 506  530 1029 1122] None 0.2450386881828308
238 [   0  596  433 1126] None 0.0
240 [   0  842  403 1460] None 0.0
240 [ 249 1010  710 1638] None 0.0
242 [ 469 1171  964 1805] None 0.0
242 [ 309  662  811 1199] None 0.0
242 [ 117 1013  551 1466] None 0.0
244 [ 506  718 1037 1257] None 0.0
246 [ 678  754 1080 1239] None 0.0
246 [213   0 737 319] Anderson 0.5479564070701599
248 [455 339 884 836] None 0.0
248 [341  21 861 497] None 0.0
250 [401   3 864 540] None 0.49328991770744324
250 [ 529 1267  947 1794] None 0.0
256 [ 350 1322  829 1886] None 0.0
256 [ 645  763 1066 1280] None 0.0
256 [364  24 821 531] None 0.0
258 [ 656  699 1080 1240] None 0.4003278315067291
258 [ 150 1317  632 1881] None 0.0
260 [   0 1393  471 1920] None 0.0
260 [ 311  713  844 1310] None 0.0
260 [   6  718  451 1241] None 0.0
260 [ 379 1273  954 1760] None 0.0
262 [ 101  772  619 1343] None 0.0
262 [ 136 1312  665 1832] None 0.0
262 [ 760  790  961 1058] None 0.0
264 [   0  801  463 1383] None 0.0
264 [ 544  849  754 1092] None 0.0
264 [  17 1393  417 1889] None 0.0
268 [   0  711  229 1046] None 0.0
270 [ 270  946  457 1181] None 0.0
272 [ 319  895  560 1196] Anderson 0.6429125666618347
272 [  3 328 479 898] None 0.0
276 [  39  797  528 1349] None 0.0
278 [  39  809  563 1389] None 0.2893609404563904
280 [ 133  793  635 1359] None 0.0
280 [ 754  914  938 1147] None 0.0
280 [264 385 740 901] None 0.0
280 [   5  982  110 1187] Anderson 0.5839992761611938
282 [ 169  792  654 1357] Anderson 0.5708227157592773
284 [ 175  798  668 1365] Anderson 0.558563232421875
286 [ 198  800  656 1338] Anderson 0.5467193722724915
288 [ 195  788  675 1353] Anderson 0.5349497199058533
290 [ 213  794  707 1360] Anderson 0.5225928425788879
292 [ 244  747  731 1278] Anderson 0.5082619786262512
294 [ 265  744  775 1332] None 0.4994775056838989
296 [ 402  768  914 1326] None 0.0
298 [ 328  758  855 1354] None 0.26132336258888245
298 [ 205 1115  676 1646] None 0.0
298 [ 424 1206  906 1712] None 0.0
300 [ 411  727  911 1308] None 0.0
300 [ 196 1103  560 1639] None 0.42396605014801025
300 [ 316 1110  821 1696] None 0.0
300 [ 217  762  679 1317] None 0.0
302 [ 327  744  832 1287] None 0.0
302 [ 116  732  614 1293] None 0.0
302 [  19 1051  519 1523] Anderson 0.5963196754455566
302 [ 276 1054  750 1531] None 0.0
304 [ 678   90 1056  598] None 0.0
304 [ 115  654  652 1282] None 0.2880549132823944
306 [446 107 843 633] None 0.0
306 [  53  601  574 1273] None 0.0
308 [208 129 695 586] None 0.0
308 [   0  543  507 1056] None 0.0
308 [   0 1031  374 1455] Anderson 0.511329174041748
310 [  71  650  501 1216] None 0.0
310 [   0  964  354 1491] Anderson 0.5192708969116211
312 [ 190  710  517 1195] None 0.0
312 [  42  559  502 1063] None 0.0
314 [ 122  616  563 1161] None 0.0
316 [  36  726  494 1232] None 0.0
316 [   2 1138  472 1555] Anderson 0.5994192361831665
318 [ 113  683  614 1283] None 0.0
320 [ 157  704  638 1288] None 0.4292978048324585
322 [ 159  715  672 1297] None 0.4293696880340576
322 [  36 1040  543 1571] Anderson 0.6037390828132629
324 [ 206  732  734 1336] Anderson 0.5777397751808167
324 [ 173 1135  598 1564] Anderson 0.6373586654663086
326 [ 272  717  778 1284] Anderson 0.6115397810935974
326 [ 115 1038  617 1590] Anderson 0.5997005701065063
326 [  80  612  562 1164] None 0.0
328 [ 295  740  780 1266] None 0.3432900607585907
328 [ 245  968  722 1528] Anderson 0.557271420955658
330 [ 288  697  785 1291] Anderson 0.5320112109184265
330 [ 286  999  754 1533] Anderson 0.5358293056488037
332 [ 271  697  789 1321] Anderson 0.5120315551757812
332 [ 249  986  765 1491] Anderson 0.5178295969963074
334 [ 219  722  700 1269] sheldon 0.501737117767334
334 [ 228  964  714 1481] Anderson 0.5195539593696594
336 [ 378  754  764 1204] None 0.0
336 [ 166 1018  706 1461] Anderson 0.5274388790130615
338 [ 326  738  746 1242] Anderson 0.5040390491485596
338 [ 185 1017  673 1485] Anderson 0.5129520297050476
340 [ 283  727  734 1301] None 0.49197423458099365
340 [ 163 1017  627 1493] Anderson 0.5017082095146179
340 [ 207  609  617 1118] None 0.0
342 [ 230  679  738 1310] None 0.40713831782341003
344 [ 242  684  753 1318] None 0.40353506803512573
344 [ 190 1012  640 1546] Anderson 0.5379247069358826
344 [ 140  765  534 1269] None 0.0
346 [ 221  686  739 1327] None 0.4237222373485565
346 [ 174  988  632 1439] None 0.401532381772995
348 [ 266  791  699 1305] None 0.0
348 [ 304 1008  736 1457] None 0.0
348 [ 200 1123  623 1554] Anderson 0.5724162459373474
348 [ 212  612  621 1113] None 0.0
350 [ 243  786  704 1294] None 0.33387497067451477
350 [ 182 1092  642 1540] None 0.3182927668094635
350 [ 324  982  780 1438] None 0.3031269311904907
350 [ 835 1011  893 1093] None 0.0
352 [ 227  743  743 1388] None 0.3128569424152374
352 [ 202 1100  571 1567] None 0.32643935084342957
352 [ 243  599  647 1085] None 0.0
354 [ 193  766  704 1351] None 0.33063673973083496
354 [ 348  995  785 1441] None 0.0
354 [ 252 1125  686 1615] Anderson 0.557400643825531
354 [ 267  597  680 1099] None 0.3306601643562317
356 [ 270  711  820 1391] None 0.0
356 [ 237 1084  634 1550] Anderson 0.5271940231323242
356 [ 292  608  699 1086] None 0.32937729358673096
358 [ 264  745  770 1331] None 0.33090609312057495
358 [ 259 1081  696 1595] None 0.31037431955337524
358 [ 429 1005  856 1499] None 0.0
358 [ 332  565  735 1049] None 0.3091811239719391
360 [ 312  711  839 1366] None 0.3082101345062256
360 [ 319 1018  765 1511] None 0.0
362 [ 315  750  806 1323] None 0.4275680184364319
362 [ 313 1013  710 1497] None 0.4320273995399475
364 [ 318  713  834 1359] None 0.4080572724342346
364 [ 394 1005  790 1500] None 0.0
366 [ 308  718  822 1354] None 0.36508724093437195
366 [ 320 1014  725 1473] Anderson 0.5141646265983582
366 [ 346  581  741 1067] None 0.0
368 [ 316  748  766 1279] None 0.3731308579444885
368 [ 356  992  780 1468] None 0.3567918837070465
370 [ 339  757  780 1264] None 0.35552579164505005
370 [ 269 1007  650 1480] Anderson 0.6016094088554382
372 [ 324  772  763 1296] Anderson 0.5698426961898804
372 [ 292  983  667 1487] Anderson 0.5666910409927368
374 [ 308  770  740 1259] Anderson 0.5413419604301453
374 [ 291 1018  652 1478] Anderson 0.5393952131271362
374 [ 455 1079  700 1433] None 0.0
376 [ 299  763  740 1265] None 0.43980908393859863
376 [ 280 1023  629 1458] None 0.44071370363235474
378 [ 294  760  746 1277] None 0.4182470738887787
378 [ 234 1028  602 1472] None 0.42219430208206177
380 [ 281  758  704 1250] None 0.4054774343967438
380 [ 246 1024  601 1483] None 0.41137340664863586
380 [ 414 1080  680 1437] None 0.0
382 [ 315  778  736 1269] None 0.3690735101699829
382 [ 285 1004  644 1479] None 0.3719726502895355
